[frog-1]
window-actuators-avg = 1490402700.0
solar-1 = 1490402700.0
dry-bulb-temp = 1490316506.884218
zone-humidity-3 = 1490316506.884218
solar-1-avg = 1490402700.0
window-actuators = 1490402700.0
duct-return-humidity = 1490402700.0
duct-supply-humidity = 1490402700.0
chiller-avg = 1490402700.0
whole-building-avg = 1490402700.0
fire-alarm = 1490402700.0
fire-alarm-avg = 1490402700.0
lutron-lights-avg = 1490402700.0
zone-humidity-1 = 1490402700.0
humidity = 1490316506.884218
ceiling-fans = 1490402700.0
exterior-lights-avg = 1490402700.0
ceiling-fans-avg = 1490402700.0
CO2 = 1490402700.0
zone-temp-2 = 1490402700.0
wall-temp-2 = 1490402700.0
exterior-lights = 1490402700.0
duct-supply-temp = 1490402700.0
wall-temp-3 = 1490402700.0
globe-temp = 1490402700.0
zone-humidity-2 = 1490402700.0
light = 1490402700.0
zone-temp-3 = 1490316506.884218
service-lights = 1490402700.0
whole-building = 1490402700.0
wall-temp-1 = 1490402700.0
service-lights-avg = 1490402700.0
chiller = 1490402700.0
building-services-it = 1490402700.0
solar-2 = 1490402700.0
air-handler-avg = 1490402700.0
zone-temp-1 = 1490402700.0
air-handler = 1490402700.0
lutron-lights = 1490402700.0
building-services-avg = 1490402700.0
duct-return-temp = 1490402700.0
solar-2-avg = 1490402700.0
[weather-station]
wind-direction = 1490402700.0
barometric-pressure = 1490402700.0
humidity = 1490402700.0
dewpoint = 1490402700.0
wind-speed = 1490402700.0
dry-bulb-temp = 1490402700.0
solar-radiation = 1490316506.884218
[frog-2]
window-actuators-avg = 1490402700.0
solar-1 = 1490402700.0
dry-bulb-temp = 1490316506.884218
zone-humidity-3 = 1490316506.884218
solar-1-avg = 1490402700.0
window-actuators = 1490402700.0
duct-return-humidity = 1490402700.0
duct-supply-humidity = 1490402700.0
whole-building-avg = 1490402700.0
fire-alarm = 1490402700.0
fire-alarm-avg = 1490402700.0
lutron-lights-avg = 1490402700.0
zone-humidity-1 = 1490402700.0
humidity = 1490316506.884218
ceiling-fans = 1490402700.0
exterior-lights-avg = 1490402700.0
ceiling-fans-avg = 1490402700.0
CO2 = 1490402700.0
zone-humidity-2 = 1490402700.0
wall-temp-2 = 1490402700.0
exterior-lights = 1490402700.0
duct-supply-temp = 1490402700.0
wall-temp-3 = 1490402700.0
globe-temp = 1490402700.0
zone-temp-2 = 1490402700.0
light = 1490402700.0
zone-temp-3 = 1490316506.884218
service-lights = 1490402700.0
whole-building = 1490402700.0
wall-temp-1 = 1490402700.0
service-lights-avg = 1490402700.0
chiller = 1490402700.0
building-services-it = 1490402700.0
solar-2 = 1490402700.0
air-handler-avg = 1490402700.0
chiller-avg = 1490402700.0
air-handler = 1490402700.0
building-services = 1490402700.0
lutron-lights = 1490402700.0
duct-return-temp = 1490402700.0
building-services-it-avg = 1490402700.0
zone-temp-1 = 1490402700.0
solar-2-avg = 1490402700.0
